680
    1    1    18.13981    37.95849     0.00000     0.20000    -0.01710     0.01035 6901768
    1    1    18.13981    37.95849     5.00000     0.20000    -0.01815     0.01036 6901768
    1    1    18.13981    37.95849    10.00000     0.20000    -0.02152     0.01040 6901768
    1    1    18.13981    37.95849    15.00000     0.20000    -0.01687     0.01044 6901768
    1    1    18.13981    37.95849    20.00000     0.20000    -0.00447     0.01046 6901768
    1    1    18.13981    37.95849    25.00000     0.20000     0.00606     0.01047 6901768
    1    1    18.13981    37.95849    30.00000     0.20000     0.00499     0.01042 6901768
    1    1    18.13981    37.95849    35.00000     0.20000     0.00098     0.01034 6901768
    1    1    18.13981    37.95849    40.00000     0.20000     0.00212     0.01027 6901768
    1    1    18.13981    37.95849    45.00000     0.20000     0.00346     0.01024 6901768
    1    1    18.13981    37.95849    50.00000     0.20000     0.00341     0.01007 6901768
    1    1    18.13981    37.95849    55.00000     0.20000     0.00948     0.00989 6901768
    1    1    18.13981    37.95849    60.00000     0.20000     0.01974     0.00963 6901768
    1    1    18.13981    37.95849    65.00000     0.20000     0.02745     0.00937 6901768
    1    1    18.13981    37.95849    70.00000     0.20000     0.02854     0.00908 6901768
    1    1    18.13981    37.95849    75.00000     0.20000     0.03705     0.00889 6901768
    1    1    18.13981    37.95849    80.00000     0.20000     0.11120     0.00907 6901768
    1    1    18.13981    37.95849    85.00000     0.20000     0.16642     0.00931 6901768
    1    1    18.13981    37.95849    90.00000     0.20000     0.13717     0.00997 6901768
    1    1    18.13981    37.95849    95.00000     0.20000     0.11681     0.01088 6901768
    1    1    18.13981    37.95849   100.00000     0.20000     0.09777     0.01178 6901768
    1    1    18.13981    37.95849   105.00000     0.20000     0.06575     0.01242 6901768
    1    1    18.13981    37.95849   110.00000     0.20000     0.04548     0.01313 6901768
    1    1    18.13981    37.95849   115.00000     0.20000     0.05046     0.01405 6901768
    1    1    18.13981    37.95849   120.00000     0.20000     0.07362     0.01482 6901768
    1    1    18.13981    37.95849   125.00000     0.20000     0.08767     0.01506 6901768
    1    1    18.13981    37.95849   130.00000     0.20000     0.08996     0.01554 6901768
    1    1    18.13981    37.95849   135.00000     0.20000     0.09065     0.01610 6901768
    1    1    18.13981    37.95849   140.00000     0.20000     0.07461     0.01685 6901768
    1    1    18.13981    37.95849   145.00000     0.20000     0.05055     0.01743 6901768
    1    1    18.13981    37.95849   150.00000     0.20000     0.02612     0.01752 6901768
    1    1    18.13981    37.95849   155.00000     0.20000     0.00754     0.01761 6901768
    1    1    18.13981    37.95849   160.00000     0.20000     0.00474     0.01796 6901768
    1    1    18.13981    37.95849   165.00000     0.20000     0.00483     0.01850 6901768
    1    1    18.13981    37.95849   170.00000     0.20000     0.00156     0.01906 6901768
    1    1    18.13981    37.95849   175.00000     0.20000     0.00143     0.01968 6901768
    1    1    18.13981    37.95849   180.00000     0.20000     0.00291     0.02010 6901768
    1    1    18.13981    37.95849   185.00000     0.20000     0.00384     0.02055 6901768
    1    1    18.13981    37.95849   190.00000     0.20000     0.00531     0.02088 6901768
    1    1    18.13981    37.95849   195.00000     0.20000     0.00410     0.02118 6901768
    1    1    10.26116    39.38568     0.00000     0.20000    -0.02937     0.02146 6901769
    1    1    10.26116    39.38568     5.00000     0.20000    -0.03145     0.02198 6901769
    1    1    10.26116    39.38568    10.00000     0.20000    -0.02570     0.02247 6901769
    1    1    10.26116    39.38568    15.00000     0.20000    -0.01877     0.02296 6901769
    1    1    10.26116    39.38568    20.00000     0.20000    -0.02221     0.02358 6901769
    1    1    10.26116    39.38568    25.00000     0.20000    -0.01607     0.02435 6901769
    1    1    10.26116    39.38568    30.00000     0.20000    -0.00799     0.02514 6901769
    1    1    10.26116    39.38568    35.00000     0.20000    -0.00291     0.02602 6901769
    1    1    10.26116    39.38568    40.00000     0.20000     0.00061     0.02705 6901769
    1    1    10.26116    39.38568    45.00000     0.20000    -0.00050     0.02771 6901769
    1    1    10.26116    39.38568    50.00000     0.20000     0.00376     0.02778 6901769
    1    1    10.26116    39.38568    55.00000     0.20000     0.01878     0.02914 6901769
    1    1    10.26116    39.38568    60.00000     0.20000     0.03637     0.03040 6901769
    1    1    10.26116    39.38568    65.00000     0.20000     0.05535     0.03109 6901769
    1    1    10.26116    39.38568    70.00000     0.20000     0.07343     0.03146 6901769
    1    1    10.26116    39.38568    75.00000     0.20000     0.08903     0.03160 6901769
    1    1    10.26116    39.38568    80.00000     0.20000     0.08787     0.03178 6901769
    1    1    10.26116    39.38568    85.00000     0.20000     0.07970     0.03178 6901769
    1    1    10.26116    39.38568    90.00000     0.20000     0.06310     0.03200 6901769
    1    1    10.26116    39.38568    95.00000     0.20000     0.04768     0.03228 6901769
    1    1    10.26116    39.38568   100.00000     0.20000     0.02232     0.03276 6901769
    1    1    10.26116    39.38568   105.00000     0.20000     0.02599     0.03347 6901769
    1    1    10.26116    39.38568   110.00000     0.20000     0.02420     0.03501 6901769
    1    1    10.26116    39.38568   115.00000     0.20000     0.01897     0.03759 6901769
    1    1    10.26116    39.38568   120.00000     0.20000     0.02018     0.04027 6901769
    1    1    10.26116    39.38568   125.00000     0.20000     0.01864     0.04129 6901769
    1    1    10.26116    39.38568   130.00000     0.20000     0.01076     0.04236 6901769
    1    1    10.26116    39.38568   135.00000     0.20000     0.02159     0.04333 6901769
    1    1    10.26116    39.38568   140.00000     0.20000     0.02001     0.04444 6901769
    1    1    10.26116    39.38568   145.00000     0.20000     0.01917     0.04597 6901769
    1    1    10.26116    39.38568   150.00000     0.20000     0.01437     0.04773 6901769
    1    1    10.26116    39.38568   155.00000     0.20000     0.00215     0.04998 6901769
    1    1    10.26116    39.38568   160.00000     0.20000    -0.00251     0.05300 6901769
    1    1    10.26116    39.38568   165.00000     0.20000    -0.00253     0.05625 6901769
    1    1    10.26116    39.38568   170.00000     0.20000    -0.00305     0.05938 6901769
    1    1    10.26116    39.38568   175.00000     0.20000    -0.00264     0.06302 6901769
    1    1    10.26116    39.38568   180.00000     0.20000    -0.00156     0.06574 6901769
    1    1    10.26116    39.38568   185.00000     0.20000     0.00066     0.06844 6901769
    1    1    10.26116    39.38568   190.00000     0.20000     0.00136     0.07007 6901769
    1    1    10.26116    39.38568   195.00000     0.20000     0.00070     0.07121 6901769
    1    1     4.34277    41.41775     0.00000     0.20000    -0.02046     0.07244 6901649
    1    1     4.34277    41.41775     5.00000     0.20000    -0.02021     0.07340 6901649
    1    1     4.34277    41.41775    10.00000     0.20000    -0.01858     0.07548 6901649
    1    1     4.34277    41.41775    15.00000     0.20000    -0.01691     0.07734 6901649
    1    1     4.34277    41.41775    20.00000     0.20000    -0.01356     0.08139 6901649
    1    1     4.34277    41.41775    25.00000     0.20000    -0.00792     0.08708 6901649
    1    1     4.34277    41.41775    30.00000     0.20000    -0.00058     0.09331 6901649
    1    1     4.34277    41.41775    35.00000     0.20000     0.00876     0.10065 6901649
    1    1     4.34277    41.41775    40.00000     0.20000     0.00337     0.10790 6901649
    1    1     4.34277    41.41775    45.00000     0.20000    -0.04343     0.11516 6901649
    1    1     4.34277    41.41775    50.00000     0.20000    -0.09833     0.12078 6901649
    1    1     4.34277    41.41775    55.00000     0.20000    -0.12010     0.12600 6901649
    1    1     4.34277    41.41775    60.00000     0.20000    -0.12381     0.12898 6901649
    1    1     4.34277    41.41775    65.00000     0.20000    -0.11206     0.12597 6901649
    1    1     4.34277    41.41775    70.00000     0.20000    -0.09378     0.12125 6901649
    1    1     4.34277    41.41775    75.00000     0.20000    -0.05220     0.11371 6901649
    1    1     4.34277    41.41775    80.00000     0.20000     0.11201     0.10347 6901649
    1    1     4.34277    41.41775    85.00000     0.20000     0.22810     0.09348 6901649
    1    1     4.34277    41.41775    90.00000     0.20000     0.23948     0.08472 6901649
    1    1     4.34277    41.41775    95.00000     0.20000     0.21333     0.07748 6901649
    1    1     4.34277    41.41775   100.00000     0.20000     0.16361     0.07163 6901649
    1    1     4.34277    41.41775   105.00000     0.20000     0.11712     0.06587 6901649
    1    1     4.34277    41.41775   110.00000     0.20000     0.10650     0.05955 6901649
    1    1     4.34277    41.41775   115.00000     0.20000     0.10496     0.05164 6901649
    1    1     4.34277    41.41775   120.00000     0.20000     0.08386     0.04424 6901649
    1    1     4.34277    41.41775   125.00000     0.20000     0.05759     0.03815 6901649
    1    1     4.34277    41.41775   130.00000     0.20000     0.03550     0.03335 6901649
    1    1     4.34277    41.41775   135.00000     0.20000     0.03976     0.03021 6901649
    1    1     4.34277    41.41775   140.00000     0.20000     0.05062     0.02825 6901649
    1    1     4.34277    41.41775   145.00000     0.20000     0.05788     0.02714 6901649
    1    1     4.34277    41.41775   150.00000     0.20000     0.04832     0.02664 6901649
    1    1     4.34277    41.41775   155.00000     0.20000     0.02654     0.02672 6901649
    1    1     4.34277    41.41775   160.00000     0.20000     0.02009     0.02726 6901649
    1    1     4.34277    41.41775   165.00000     0.20000     0.01674     0.02816 6901649
    1    1     4.34277    41.41775   170.00000     0.20000     0.01341     0.02833 6901649
    1    1     4.34277    41.41775   175.00000     0.20000     0.01504     0.02861 6901649
    1    1     4.34277    41.41775   180.00000     0.20000     0.01646     0.02900 6901649
    1    1     4.34277    41.41775   185.00000     0.20000     0.01315     0.02954 6901649
    1    1     4.34277    41.41775   190.00000     0.20000     0.00955     0.03018 6901649
    1    1     4.34277    41.41775   195.00000     0.20000     0.00973     0.03101 6901649
    1    1     2.56347    39.95912     0.00000     0.20000     0.02664     0.03167 6901653
    1    1     2.56347    39.95912     5.00000     0.20000     0.02637     0.03244 6901653
    1    1     2.56347    39.95912    10.00000     0.20000     0.02467     0.03329 6901653
    1    1     2.56347    39.95912    15.00000     0.20000     0.02366     0.03414 6901653
    1    1     2.56347    39.95912    20.00000     0.20000     0.01736     0.03440 6901653
    1    1     2.56347    39.95912    25.00000     0.20000     0.01206     0.03428 6901653
    1    1     2.56347    39.95912    30.00000     0.20000     0.02150     0.03435 6901653
    1    1     2.56347    39.95912    35.00000     0.20000     0.02828     0.03421 6901653
    1    1     2.56347    39.95912    40.00000     0.20000     0.03825     0.03424 6901653
    1    1     2.56347    39.95912    45.00000     0.20000     0.04831     0.03446 6901653
    1    1     2.56347    39.95912    50.00000     0.20000     0.05744     0.03483 6901653
    1    1     2.56347    39.95912    55.00000     0.20000     0.07884     0.03543 6901653
    1    1     2.56347    39.95912    60.00000     0.20000     0.18690     0.03595 6901653
    1    1     2.56347    39.95912    65.00000     0.20000     0.32759     0.03678 6901653
    1    1     2.56347    39.95912    70.00000     0.20000     0.37865     0.03761 6901653
    1    1     2.56347    39.95912    75.00000     0.20000     0.28075     0.03805 6901653
    1    1     2.56347    39.95912    80.00000     0.20000     0.11317     0.03860 6901653
    1    1     2.56347    39.95912    85.00000     0.20000     0.00045     0.03880 6901653
    1    1     2.56347    39.95912    90.00000     0.20000     0.01015     0.03895 6901653
    1    1     2.56347    39.95912    95.00000     0.20000    -0.01259     0.03888 6901653
    1    1     2.56347    39.95912   100.00000     0.20000    -0.02794     0.03858 6901653
    1    1     2.56347    39.95912   105.00000     0.20000    -0.02994     0.03812 6901653
    1    1     2.56347    39.95912   110.00000     0.20000    -0.02141     0.03743 6901653
    1    1     2.56347    39.95912   115.00000     0.20000    -0.01002     0.03675 6901653
    1    1     2.56347    39.95912   120.00000     0.20000    -0.00384     0.03578 6901653
    1    1     2.56347    39.95912   125.00000     0.20000    -0.00273     0.03471 6901653
    1    1     2.56347    39.95912   130.00000     0.20000     0.00579     0.03389 6901653
    1    1     2.56347    39.95912   135.00000     0.20000     0.01403     0.03334 6901653
    1    1     2.56347    39.95912   140.00000     0.20000     0.00916     0.03280 6901653
    1    1     2.56347    39.95912   145.00000     0.20000     0.00831     0.03227 6901653
    1    1     2.56347    39.95912   150.00000     0.20000     0.00611     0.03180 6901653
    1    1     2.56347    39.95912   155.00000     0.20000     0.00221     0.03116 6901653
    1    1     2.56347    39.95912   160.00000     0.20000     0.00319     0.03055 6901653
    1    1     2.56347    39.95912   165.00000     0.20000     0.00458     0.02987 6901653
    1    1     2.56347    39.95912   170.00000     0.20000     0.00296     0.02913 6901653
    1    1     2.56347    39.95912   175.00000     0.20000     0.00203     0.02827 6901653
    1    1     2.56347    39.95912   180.00000     0.20000     0.00424     0.02739 6901653
    1    1     2.56347    39.95912   185.00000     0.20000     0.00604     0.02648 6901653
    1    1     2.56347    39.95912   190.00000     0.20000     0.00500     0.02539 6901653
    1    1     2.56347    39.95912   195.00000     0.20000     0.00369     0.02426 6901653
    1    1    10.59214    39.15228     0.00000     0.20000    -0.02933     0.02312 6901864
    1    1    10.59214    39.15228     5.00000     0.20000    -0.03036     0.02203 6901864
    1    1    10.59214    39.15228    10.00000     0.20000    -0.02937     0.02109 6901864
    1    1    10.59214    39.15228    15.00000     0.20000    -0.02459     0.02018 6901864
    1    1    10.59214    39.15228    20.00000     0.20000    -0.01937     0.01923 6901864
    1    1    10.59214    39.15228    25.00000     0.20000    -0.01183     0.01826 6901864
    1    1    10.59214    39.15228    30.00000     0.20000    -0.00082     0.01752 6901864
    1    1    10.59214    39.15228    35.00000     0.20000     0.01147     0.01671 6901864
    1    1    10.59214    39.15228    40.00000     0.20000     0.02857     0.01585 6901864
    1    1    10.59214    39.15228    45.00000     0.20000     0.05889     0.01495 6901864
    1    1    10.59214    39.15228    50.00000     0.20000     0.09432     0.01417 6901864
    1    1    10.59214    39.15228    55.00000     0.20000     0.13639     0.01337 6901864
    1    1    10.59214    39.15228    60.00000     0.20000     0.25426     0.01261 6901864
    1    1    10.59214    39.15228    65.00000     0.20000     0.46971     0.01194 6901864
    1    1    10.59214    39.15228    70.00000     0.20000     0.63337     0.01133 6901864
    1    1    10.59214    39.15228    75.00000     0.20000     0.57741     0.01074 6901864
    1    1    10.59214    39.15228    80.00000     0.20000     0.31950     0.01017 6901864
    1    1    10.59214    39.15228    85.00000     0.20000     0.03256     0.00964 6901864
    1    1    10.59214    39.15228    90.00000     0.20000    -0.19199     0.00898 6901864
    1    1    10.59214    39.15228    95.00000     0.20000    -0.27214     0.00850 6901864
    1    1    10.59214    39.15228   100.00000     0.20000    -0.26438     0.00813 6901864
    1    1    10.59214    39.15228   105.00000     0.20000    -0.23178     0.00772 6901864
    1    1    10.59214    39.15228   110.00000     0.20000    -0.18202     0.00733 6901864
    1    1    10.59214    39.15228   115.00000     0.20000    -0.15293     0.00694 6901864
    1    1    10.59214    39.15228   120.00000     0.20000    -0.12136     0.00660 6901864
    1    1    10.59214    39.15228   125.00000     0.20000    -0.08461     0.00631 6901864
    1    1    10.59214    39.15228   130.00000     0.20000    -0.06273     0.00605 6901864
    1    1    10.59214    39.15228   135.00000     0.20000    -0.04339     0.00588 6901864
    1    1    10.59214    39.15228   140.00000     0.20000    -0.03390     0.00570 6901864
    1    1    10.59214    39.15228   145.00000     0.20000    -0.03071     0.00553 6901864
    1    1    10.59214    39.15228   150.00000     0.20000    -0.03074     0.00544 6901864
    1    1    10.59214    39.15228   155.00000     0.20000    -0.02674     0.00532 6901864
    1    1    10.59214    39.15228   160.00000     0.20000    -0.02131     0.00502 6901864
    1    1    10.59214    39.15228   165.00000     0.20000    -0.02142     0.00470 6901864
    1    1    10.59214    39.15228   170.00000     0.20000    -0.01897     0.00437 6901864
    1    1    10.59214    39.15228   175.00000     0.20000    -0.01421     0.00410 6901864
    1    1    10.59214    39.15228   180.00000     0.20000    -0.01147     0.00393 6901864
    1    1    10.59214    39.15228   185.00000     0.20000    -0.00961     0.00378 6901864
    1    1    10.59214    39.15228   190.00000     0.20000    -0.00909     0.00362 6901864
    1    1    10.59214    39.15228   195.00000     0.20000    -0.01097     0.00354 6901864
    1    1    28.81815    32.93245     0.00000     0.20000    -0.01706     0.01793 6901773
    1    1    28.81815    32.93245     5.00000     0.20000    -0.01939     0.01795 6901773
    1    1    28.81815    32.93245    10.00000     0.20000    -0.01700     0.01798 6901773
    1    1    28.81815    32.93245    15.00000     0.20000    -0.01440     0.01801 6901773
    1    1    28.81815    32.93245    20.00000     0.20000    -0.01391     0.01807 6901773
    1    1    28.81815    32.93245    25.00000     0.20000    -0.00924     0.01815 6901773
    1    1    28.81815    32.93245    30.00000     0.20000    -0.00111     0.01810 6901773
    1    1    28.81815    32.93245    35.00000     0.20000     0.00652     0.01804 6901773
    1    1    28.81815    32.93245    40.00000     0.20000     0.00754     0.01793 6901773
    1    1    28.81815    32.93245    45.00000     0.20000     0.00443     0.01782 6901773
    1    1    28.81815    32.93245    50.00000     0.20000     0.00149     0.01768 6901773
    1    1    28.81815    32.93245    55.00000     0.20000    -0.00012     0.01755 6901773
    1    1    28.81815    32.93245    60.00000     0.20000    -0.00156     0.01738 6901773
    1    1    28.81815    32.93245    65.00000     0.20000    -0.00083     0.01715 6901773
    1    1    28.81815    32.93245    70.00000     0.20000     0.00345     0.01690 6901773
    1    1    28.81815    32.93245    75.00000     0.20000     0.00937     0.01662 6901773
    1    1    28.81815    32.93245    80.00000     0.20000     0.01613     0.01642 6901773
    1    1    28.81815    32.93245    85.00000     0.20000     0.02315     0.01624 6901773
    1    1    28.81815    32.93245    90.00000     0.20000     0.02868     0.01607 6901773
    1    1    28.81815    32.93245    95.00000     0.20000     0.03555     0.01584 6901773
    1    1    28.81815    32.93245   100.00000     0.20000     0.04771     0.01565 6901773
    1    1    28.81815    32.93245   105.00000     0.20000     0.04722     0.01517 6901773
    1    1    28.81815    32.93245   110.00000     0.20000     0.03179     0.01462 6901773
    1    1    28.81815    32.93245   115.00000     0.20000     0.03658     0.01419 6901773
    1    1    28.81815    32.93245   120.00000     0.20000     0.06713     0.01388 6901773
    1    1    28.81815    32.93245   125.00000     0.20000     0.08431     0.01401 6901773
    1    1    28.81815    32.93245   130.00000     0.20000     0.05594     0.01434 6901773
    1    1    28.81815    32.93245   135.00000     0.20000    -0.00515     0.01497 6901773
    1    1    28.81815    32.93245   140.00000     0.20000    -0.03223     0.01623 6901773
    1    1    28.81815    32.93245   145.00000     0.20000    -0.00531     0.01766 6901773
    1    1    28.81815    32.93245   150.00000     0.20000     0.02310     0.01912 6901773
    1    1    28.81815    32.93245   155.00000     0.20000     0.03571     0.02065 6901773
    1    1    28.81815    32.93245   160.00000     0.20000     0.03677     0.02223 6901773
    1    1    28.81815    32.93245   165.00000     0.20000     0.02908     0.02384 6901773
    1    1    28.81815    32.93245   170.00000     0.20000     0.01990     0.02518 6901773
    1    1    28.81815    32.93245   175.00000     0.20000     0.01757     0.02638 6901773
    1    1    28.81815    32.93245   180.00000     0.20000     0.01270     0.02750 6901773
    1    1    28.81815    32.93245   185.00000     0.20000     0.00705     0.02798 6901773
    1    1    28.81815    32.93245   190.00000     0.20000     0.00771     0.02867 6901773
    1    1    28.81815    32.93245   195.00000     0.20000     0.00710     0.02937 6901773
    1    1    20.47552    36.98986     0.00000     0.20000    -0.03425     0.03018 6901771
    1    1    20.47552    36.98986     5.00000     0.20000    -0.03476     0.03071 6901771
    1    1    20.47552    36.98986    10.00000     0.20000    -0.02886     0.03120 6901771
    1    1    20.47552    36.98986    15.00000     0.20000    -0.01747     0.03195 6901771
    1    1    20.47552    36.98986    20.00000     0.20000    -0.01313     0.03296 6901771
    1    1    20.47552    36.98986    25.00000     0.20000    -0.00766     0.03412 6901771
    1    1    20.47552    36.98986    30.00000     0.20000    -0.00274     0.03548 6901771
    1    1    20.47552    36.98986    35.00000     0.20000    -0.00867     0.03706 6901771
    1    1    20.47552    36.98986    40.00000     0.20000    -0.01453     0.03872 6901771
    1    1    20.47552    36.98986    45.00000     0.20000    -0.01549     0.04111 6901771
    1    1    20.47552    36.98986    50.00000     0.20000    -0.00921     0.04382 6901771
    1    1    20.47552    36.98986    55.00000     0.20000    -0.00044     0.04697 6901771
    1    1    20.47552    36.98986    60.00000     0.20000     0.00561     0.05032 6901771
    1    1    20.47552    36.98986    65.00000     0.20000     0.01109     0.05417 6901771
    1    1    20.47552    36.98986    70.00000     0.20000     0.01213     0.05937 6901771
    1    1    20.47552    36.98986    75.00000     0.20000     0.00697     0.06512 6901771
    1    1    20.47552    36.98986    80.00000     0.20000    -0.01359     0.06998 6901771
    1    1    20.47552    36.98986    85.00000     0.20000    -0.04715     0.07556 6901771
    1    1    20.47552    36.98986    90.00000     0.20000    -0.09685     0.08184 6901771
    1    1    20.47552    36.98986    95.00000     0.20000    -0.13818     0.08829 6901771
    1    1    20.47552    36.98986   100.00000     0.20000    -0.17295     0.09649 6901771
    1    1    20.47552    36.98986   105.00000     0.20000    -0.12330     0.10533 6901771
    1    1    20.47552    36.98986   110.00000     0.20000    -0.00251     0.11483 6901771
    1    1    20.47552    36.98986   115.00000     0.20000     0.08558     0.12566 6901771
    1    1    20.47552    36.98986   120.00000     0.20000     0.12177     0.13549 6901771
    1    1    20.47552    36.98986   125.00000     0.20000     0.14114     0.14472 6901771
    1    1    20.47552    36.98986   130.00000     0.20000     0.14647     0.15449 6901771
    1    1    20.47552    36.98986   135.00000     0.20000     0.15826     0.16271 6901771
    1    1    20.47552    36.98986   140.00000     0.20000     0.16629     0.17108 6901771
    1    1    20.47552    36.98986   145.00000     0.20000     0.16800     0.17784 6901771
    1    1    20.47552    36.98986   150.00000     0.20000     0.15791     0.18382 6901771
    1    1    20.47552    36.98986   155.00000     0.20000     0.14512     0.18952 6901771
    1    1    20.47552    36.98986   160.00000     0.20000     0.12772     0.19570 6901771
    1    1    20.47552    36.98986   165.00000     0.20000     0.10441     0.20274 6901771
    1    1    20.47552    36.98986   170.00000     0.20000     0.07645     0.20684 6901771
    1    1    20.47552    36.98986   175.00000     0.20000     0.05437     0.21099 6901771
    1    1    20.47552    36.98986   180.00000     0.20000     0.04479     0.21279 6901771
    1    1    20.47552    36.98986   185.00000     0.20000     0.03263     0.21169 6901771
    1    1    20.47552    36.98986   190.00000     0.20000     0.01891     0.20921 6901771
    1    1    20.47552    36.98986   195.00000     0.20000     0.01259     0.20481 6901771
    1    1    27.39745    35.36657     0.00000     0.20000    -0.02628     0.20013 6901770
    1    1    27.39745    35.36657     5.00000     0.20000    -0.02628     0.19648 6901770
    1    1    27.39745    35.36657    10.00000     0.20000    -0.02730     0.19305 6901770
    1    1    27.39745    35.36657    15.00000     0.20000    -0.02498     0.18939 6901770
    1    1    27.39745    35.36657    20.00000     0.20000    -0.01637     0.18830 6901770
    1    1    27.39745    35.36657    25.00000     0.20000    -0.00764     0.19166 6901770
    1    1    27.39745    35.36657    30.00000     0.20000    -0.00397     0.19813 6901770
    1    1    27.39745    35.36657    35.00000     0.20000    -0.00845     0.20115 6901770
    1    1    27.39745    35.36657    40.00000     0.20000    -0.01451     0.20696 6901770
    1    1    27.39745    35.36657    45.00000     0.20000    -0.01543     0.20372 6901770
    1    1    27.39745    35.36657    50.00000     0.20000    -0.01668     0.20078 6901770
    1    1    27.39745    35.36657    55.00000     0.20000    -0.02464     0.19234 6901770
    1    1    27.39745    35.36657    60.00000     0.20000    -0.03595     0.17936 6901770
    1    1    27.39745    35.36657    65.00000     0.20000    -0.04931     0.16020 6901770
    1    1    27.39745    35.36657    70.00000     0.20000    -0.06663     0.14072 6901770
    1    1    27.39745    35.36657    75.00000     0.20000    -0.08813     0.12291 6901770
    1    1    27.39745    35.36657    80.00000     0.20000    -0.11681     0.10780 6901770
    1    1    27.39745    35.36657    85.00000     0.20000    -0.12632     0.09811 6901770
    1    1    27.39745    35.36657    90.00000     0.20000    -0.12117     0.09396 6901770
    1    1    27.39745    35.36657    95.00000     0.20000    -0.08669     0.09424 6901770
    1    1    27.39745    35.36657   100.00000     0.20000    -0.03952     0.09777 6901770
    1    1    27.39745    35.36657   105.00000     0.20000     0.00308     0.10121 6901770
    1    1    27.39745    35.36657   110.00000     0.20000     0.03336     0.10118 6901770
    1    1    27.39745    35.36657   115.00000     0.20000     0.06141     0.10039 6901770
    1    1    27.39745    35.36657   120.00000     0.20000     0.07901     0.09843 6901770
    1    1    27.39745    35.36657   125.00000     0.20000     0.09019     0.09523 6901770
    1    1    27.39745    35.36657   130.00000     0.20000     0.10052     0.09193 6901770
    1    1    27.39745    35.36657   135.00000     0.20000     0.10934     0.08871 6901770
    1    1    27.39745    35.36657   140.00000     0.20000     0.10609     0.08548 6901770
    1    1    27.39745    35.36657   145.00000     0.20000     0.08882     0.08143 6901770
    1    1    27.39745    35.36657   150.00000     0.20000     0.04180     0.07767 6901770
    1    1    27.39745    35.36657   155.00000     0.20000     0.01078     0.07440 6901770
    1    1    27.39745    35.36657   160.00000     0.20000     0.01478     0.07139 6901770
    1    1    27.39745    35.36657   165.00000     0.20000     0.01154     0.06844 6901770
    1    1    27.39745    35.36657   170.00000     0.20000     0.00382     0.06548 6901770
    1    1    27.39745    35.36657   175.00000     0.20000    -0.00201     0.06271 6901770
    1    1    27.39745    35.36657   180.00000     0.20000    -0.00499     0.06006 6901770
    1    1    27.39745    35.36657   185.00000     0.20000    -0.00108     0.05851 6901770
    1    1    27.39745    35.36657   190.00000     0.20000     0.00458     0.05674 6901770
    1    1    27.39745    35.36657   195.00000     0.20000     0.00591     0.05468 6901770
    1    1    27.26662    34.52529     0.00000     0.20000    -0.02848     0.05265 6901764
    1    1    27.26662    34.52529     5.00000     0.20000    -0.02845     0.05070 6901764
    1    1    27.26662    34.52529    10.00000     0.20000    -0.02846     0.04858 6901764
    1    1    27.26662    34.52529    15.00000     0.20000    -0.02774     0.04675 6901764
    1    1    27.26662    34.52529    20.00000     0.20000    -0.02162     0.04499 6901764
    1    1    27.26662    34.52529    25.00000     0.20000    -0.01333     0.04359 6901764
    1    1    27.26662    34.52529    30.00000     0.20000    -0.01012     0.04244 6901764
    1    1    27.26662    34.52529    35.00000     0.20000    -0.00355     0.04085 6901764
    1    1    27.26662    34.52529    40.00000     0.20000     0.00796     0.03931 6901764
    1    1    27.26662    34.52529    45.00000     0.20000     0.01418     0.03791 6901764
    1    1    27.26662    34.52529    50.00000     0.20000     0.02280     0.03657 6901764
    1    1    27.26662    34.52529    55.00000     0.20000     0.03458     0.03554 6901764
    1    1    27.26662    34.52529    60.00000     0.20000     0.04638     0.03490 6901764
    1    1    27.26662    34.52529    65.00000     0.20000     0.06512     0.03457 6901764
    1    1    27.26662    34.52529    70.00000     0.20000     0.08674     0.03381 6901764
    1    1    27.26662    34.52529    75.00000     0.20000     0.09608     0.03271 6901764
    1    1    27.26662    34.52529    80.00000     0.20000     0.09186     0.03208 6901764
    1    1    27.26662    34.52529    85.00000     0.20000     0.10305     0.03129 6901764
    1    1    27.26662    34.52529    90.00000     0.20000     0.13906     0.03055 6901764
    1    1    27.26662    34.52529    95.00000     0.20000     0.14379     0.02962 6901764
    1    1    27.26662    34.52529   100.00000     0.20000     0.12084     0.02839 6901764
    1    1    27.26662    34.52529   105.00000     0.20000     0.12007     0.02718 6901764
    1    1    27.26662    34.52529   110.00000     0.20000     0.09811     0.02596 6901764
    1    1    27.26662    34.52529   115.00000     0.20000     0.07320     0.02491 6901764
    1    1    27.26662    34.52529   120.00000     0.20000     0.06620     0.02399 6901764
    1    1    27.26662    34.52529   125.00000     0.20000     0.06091     0.02319 6901764
    1    1    27.26662    34.52529   130.00000     0.20000     0.02929     0.02255 6901764
    1    1    27.26662    34.52529   135.00000     0.20000    -0.00241     0.02172 6901764
    1    1    27.26662    34.52529   140.00000     0.20000    -0.01799     0.02097 6901764
    1    1    27.26662    34.52529   145.00000     0.20000    -0.02572     0.02045 6901764
    1    1    27.26662    34.52529   150.00000     0.20000    -0.03980     0.01973 6901764
    1    1    27.26662    34.52529   155.00000     0.20000    -0.05458     0.01920 6901764
    1    1    27.26662    34.52529   160.00000     0.20000    -0.04731     0.01869 6901764
    1    1    27.26662    34.52529   165.00000     0.20000    -0.02666     0.01825 6901764
    1    1    27.26662    34.52529   170.00000     0.20000    -0.00461     0.01798 6901764
    1    1    27.26662    34.52529   175.00000     0.20000     0.00770     0.01779 6901764
    1    1    27.26662    34.52529   180.00000     0.20000     0.00544     0.01760 6901764
    1    1    27.26662    34.52529   185.00000     0.20000     0.00170     0.01743 6901764
    1    1    27.26662    34.52529   190.00000     0.20000     0.00227     0.01728 6901764
    1    1    27.26662    34.52529   195.00000     0.20000     0.00173     0.01722 6901764
    1    1    24.59126    33.93159     0.00000     0.20000     0.02438     0.01700 6901765
    1    1    24.59126    33.93159     5.00000     0.20000     0.02405     0.01654 6901765
    1    1    24.59126    33.93159    10.00000     0.20000     0.01897     0.01612 6901765
    1    1    24.59126    33.93159    15.00000     0.20000     0.01726     0.01558 6901765
    1    1    24.59126    33.93159    20.00000     0.20000     0.02431     0.01506 6901765
    1    1    24.59126    33.93159    25.00000     0.20000     0.03004     0.01437 6901765
    1    1    24.59126    33.93159    30.00000     0.20000     0.03039     0.01347 6901765
    1    1    24.59126    33.93159    35.00000     0.20000     0.03887     0.01278 6901765
    1    1    24.59126    33.93159    40.00000     0.20000     0.04690     0.01203 6901765
    1    1    24.59126    33.93159    45.00000     0.20000     0.05297     0.01132 6901765
    1    1    24.59126    33.93159    50.00000     0.20000     0.06017     0.01075 6901765
    1    1    24.59126    33.93159    55.00000     0.20000     0.06740     0.01037 6901765
    1    1    24.59126    33.93159    60.00000     0.20000     0.08110     0.01024 6901765
    1    1    24.59126    33.93159    65.00000     0.20000     0.10245     0.01015 6901765
    1    1    24.59126    33.93159    70.00000     0.20000     0.12424     0.01007 6901765
    1    1    24.59126    33.93159    75.00000     0.20000     0.12541     0.00997 6901765
    1    1    24.59126    33.93159    80.00000     0.20000     0.16548     0.00986 6901765
    1    1    24.59126    33.93159    85.00000     0.20000     0.20801     0.00994 6901765
    1    1    24.59126    33.93159    90.00000     0.20000     0.17332     0.00984 6901765
    1    1    24.59126    33.93159    95.00000     0.20000     0.08761     0.00959 6901765
    1    1    24.59126    33.93159   100.00000     0.20000    -0.05572     0.00921 6901765
    1    1    24.59126    33.93159   105.00000     0.20000    -0.12589     0.00890 6901765
    1    1    24.59126    33.93159   110.00000     0.20000    -0.08798     0.00863 6901765
    1    1    24.59126    33.93159   115.00000     0.20000    -0.02528     0.00821 6901765
    1    1    24.59126    33.93159   120.00000     0.20000    -0.00720     0.00784 6901765
    1    1    24.59126    33.93159   125.00000     0.20000    -0.02132     0.00754 6901765
    1    1    24.59126    33.93159   130.00000     0.20000    -0.04032     0.00723 6901765
    1    1    24.59126    33.93159   135.00000     0.20000    -0.02574     0.00687 6901765
    1    1    24.59126    33.93159   140.00000     0.20000    -0.00842     0.00642 6901765
    1    1    24.59126    33.93159   145.00000     0.20000     0.00352     0.00596 6901765
    1    1    24.59126    33.93159   150.00000     0.20000     0.01605     0.00552 6901765
    1    1    24.59126    33.93159   155.00000     0.20000     0.02596     0.00513 6901765
    1    1    24.59126    33.93159   160.00000     0.20000     0.03259     0.00476 6901765
    1    1    24.59126    33.93159   165.00000     0.20000     0.02951     0.00441 6901765
    1    1    24.59126    33.93159   170.00000     0.20000     0.02583     0.00400 6901765
    1    1    24.59126    33.93159   175.00000     0.20000     0.02537     0.00367 6901765
    1    1    24.59126    33.93159   180.00000     0.20000     0.02499     0.00347 6901765
    1    1    24.59126    33.93159   185.00000     0.20000     0.02039     0.00332 6901765
    1    1    24.59126    33.93159   190.00000     0.20000     0.01810     0.00320 6901765
    1    1    24.59126    33.93159   195.00000     0.20000     0.01928     0.00312 6901765
    1    1    27.10622    34.57255     0.00000     0.20000    -0.01716     0.01410 6901766
    1    1    27.10622    34.57255     5.00000     0.20000    -0.01716     0.01341 6901766
    1    1    27.10622    34.57255    10.00000     0.20000    -0.01718     0.01261 6901766
    1    1    27.10622    34.57255    15.00000     0.20000    -0.01728     0.01233 6901766
    1    1    27.10622    34.57255    20.00000     0.20000    -0.01206     0.01246 6901766
    1    1    27.10622    34.57255    25.00000     0.20000    -0.00402     0.01303 6901766
    1    1    27.10622    34.57255    30.00000     0.20000     0.00114     0.01416 6901766
    1    1    27.10622    34.57255    35.00000     0.20000     0.00378     0.01504 6901766
    1    1    27.10622    34.57255    40.00000     0.20000     0.00949     0.01510 6901766
    1    1    27.10622    34.57255    45.00000     0.20000     0.01075     0.01523 6901766
    1    1    27.10622    34.57255    50.00000     0.20000     0.00819     0.01553 6901766
    1    1    27.10622    34.57255    55.00000     0.20000     0.00275     0.01577 6901766
    1    1    27.10622    34.57255    60.00000     0.20000    -0.00373     0.01588 6901766
    1    1    27.10622    34.57255    65.00000     0.20000    -0.00924     0.01600 6901766
    1    1    27.10622    34.57255    70.00000     0.20000    -0.01337     0.01618 6901766
    1    1    27.10622    34.57255    75.00000     0.20000    -0.01750     0.01630 6901766
    1    1    27.10622    34.57255    80.00000     0.20000    -0.02551     0.01642 6901766
    1    1    27.10622    34.57255    85.00000     0.20000    -0.02334     0.01648 6901766
    1    1    27.10622    34.57255    90.00000     0.20000     0.01495     0.01655 6901766
    1    1    27.10622    34.57255    95.00000     0.20000     0.06695     0.01676 6901766
    1    1    27.10622    34.57255   100.00000     0.20000     0.09340     0.01702 6901766
    1    1    27.10622    34.57255   105.00000     0.20000     0.11534     0.01720 6901766
    1    1    27.10622    34.57255   110.00000     0.20000     0.10076     0.01775 6901766
    1    1    27.10622    34.57255   115.00000     0.20000     0.07399     0.01839 6901766
    1    1    27.10622    34.57255   120.00000     0.20000     0.06424     0.01900 6901766
    1    1    27.10622    34.57255   125.00000     0.20000     0.04567     0.01976 6901766
    1    1    27.10622    34.57255   130.00000     0.20000     0.02175     0.02062 6901766
    1    1    27.10622    34.57255   135.00000     0.20000     0.01660     0.02185 6901766
    1    1    27.10622    34.57255   140.00000     0.20000     0.01210     0.02301 6901766
    1    1    27.10622    34.57255   145.00000     0.20000     0.00529     0.02407 6901766
    1    1    27.10622    34.57255   150.00000     0.20000    -0.00666     0.02532 6901766
    1    1    27.10622    34.57255   155.00000     0.20000    -0.02471     0.02653 6901766
    1    1    27.10622    34.57255   160.00000     0.20000    -0.04097     0.02766 6901766
    1    1    27.10622    34.57255   165.00000     0.20000    -0.04485     0.02877 6901766
    1    1    27.10622    34.57255   170.00000     0.20000    -0.03825     0.02955 6901766
    1    1    27.10622    34.57255   175.00000     0.20000    -0.03466     0.03076 6901766
    1    1    27.10622    34.57255   180.00000     0.20000    -0.02908     0.03209 6901766
    1    1    27.10622    34.57255   185.00000     0.20000    -0.02375     0.03353 6901766
    1    1    27.10622    34.57255   190.00000     0.20000    -0.01977     0.03525 6901766
    1    1    27.10622    34.57255   195.00000     0.20000    -0.01310     0.03651 6901766
    1    1    11.39608    40.78175     0.00000     0.20000     0.01015     0.03761 6901767
    1    1    11.39608    40.78175     5.00000     0.20000     0.00845     0.03886 6901767
    1    1    11.39608    40.78175    10.00000     0.20000     0.00538     0.03983 6901767
    1    1    11.39608    40.78175    15.00000     0.20000     0.00994     0.04103 6901767
    1    1    11.39608    40.78175    20.00000     0.20000     0.02117     0.04203 6901767
    1    1    11.39608    40.78175    25.00000     0.20000     0.02592     0.04321 6901767
    1    1    11.39608    40.78175    30.00000     0.20000     0.03464     0.04362 6901767
    1    1    11.39608    40.78175    35.00000     0.20000     0.04414     0.04404 6901767
    1    1    11.39608    40.78175    40.00000     0.20000     0.05003     0.04458 6901767
    1    1    11.39608    40.78175    45.00000     0.20000     0.04880     0.04485 6901767
    1    1    11.39608    40.78175    50.00000     0.20000     0.04427     0.04538 6901767
    1    1    11.39608    40.78175    55.00000     0.20000     0.04292     0.04628 6901767
    1    1    11.39608    40.78175    60.00000     0.20000     0.05349     0.04762 6901767
    1    1    11.39608    40.78175    65.00000     0.20000     0.08310     0.04953 6901767
    1    1    11.39608    40.78175    70.00000     0.20000     0.08853     0.05156 6901767
    1    1    11.39608    40.78175    75.00000     0.20000     0.09048     0.05408 6901767
    1    1    11.39608    40.78175    80.00000     0.20000     0.09217     0.05718 6901767
    1    1    11.39608    40.78175    85.00000     0.20000     0.11894     0.06088 6901767
    1    1    11.39608    40.78175    90.00000     0.20000     0.17087     0.06491 6901767
    1    1    11.39608    40.78175    95.00000     0.20000     0.19796     0.06807 6901767
    1    1    11.39608    40.78175   100.00000     0.20000     0.14779     0.06847 6901767
    1    1    11.39608    40.78175   105.00000     0.20000     0.10609     0.06971 6901767
    1    1    11.39608    40.78175   110.00000     0.20000     0.10503     0.07150 6901767
    1    1    11.39608    40.78175   115.00000     0.20000     0.11001     0.07443 6901767
    1    1    11.39608    40.78175   120.00000     0.20000     0.10703     0.07792 6901767
    1    1    11.39608    40.78175   125.00000     0.20000     0.10557     0.08274 6901767
    1    1    11.39608    40.78175   130.00000     0.20000     0.09333     0.08661 6901767
    1    1    11.39608    40.78175   135.00000     0.20000     0.08426     0.08935 6901767
    1    1    11.39608    40.78175   140.00000     0.20000     0.08160     0.09052 6901767
    1    1    11.39608    40.78175   145.00000     0.20000     0.07974     0.09183 6901767
    1    1    11.39608    40.78175   150.00000     0.20000     0.06899     0.09667 6901767
    1    1    11.39608    40.78175   155.00000     0.20000     0.06092     0.10435 6901767
    1    1    11.39608    40.78175   160.00000     0.20000     0.05872     0.11605 6901767
    1    1    11.39608    40.78175   165.00000     0.20000     0.05213     0.12958 6901767
    1    1    11.39608    40.78175   170.00000     0.20000     0.04325     0.14717 6901767
    1    1    11.39608    40.78175   175.00000     0.20000     0.03901     0.16582 6901767
    1    1    11.39608    40.78175   180.00000     0.20000     0.03862     0.17562 6901767
    1    1    11.39608    40.78175   185.00000     0.20000     0.03881     0.18523 6901767
    1    1    11.39608    40.78175   190.00000     0.20000     0.03903     0.18756 6901767
    1    1    11.39608    40.78175   195.00000     0.20000     0.03917     0.18650 6901767
    1    1    18.80210    40.12774     0.00000     0.20000    -0.05157     0.18030 6901862
    1    1    18.80210    40.12774     5.00000     0.20000    -0.05159     0.16586 6901862
    1    1    18.80210    40.12774    10.00000     0.20000    -0.05019     0.15165 6901862
    1    1    18.80210    40.12774    15.00000     0.20000    -0.04770     0.13445 6901862
    1    1    18.80210    40.12774    20.00000     0.20000    -0.02969     0.11725 6901862
    1    1    18.80210    40.12774    25.00000     0.20000     0.04663     0.10037 6901862
    1    1    18.80210    40.12774    30.00000     0.20000     0.04605     0.08517 6901862
    1    1    18.80210    40.12774    35.00000     0.20000    -0.01635     0.07436 6901862
    1    1    18.80210    40.12774    40.00000     0.20000    -0.02787     0.06874 6901862
    1    1    18.80210    40.12774    45.00000     0.20000    -0.01075     0.06355 6901862
    1    1    18.80210    40.12774    50.00000     0.20000     0.02111     0.05973 6901862
    1    1    18.80210    40.12774    55.00000     0.20000     0.01494     0.05806 6901862
    1    1    18.80210    40.12774    60.00000     0.20000    -0.00885     0.05629 6901862
    1    1    18.80210    40.12774    65.00000     0.20000     0.00904     0.05499 6901862
    1    1    18.80210    40.12774    70.00000     0.20000     0.03876     0.05308 6901862
    1    1    18.80210    40.12774    75.00000     0.20000     0.03118     0.05061 6901862
    1    1    18.80210    40.12774    80.00000     0.20000    -0.01269     0.04839 6901862
    1    1    18.80210    40.12774    85.00000     0.20000    -0.03051     0.04649 6901862
    1    1    18.80210    40.12774    90.00000     0.20000    -0.03555     0.04433 6901862
    1    1    18.80210    40.12774    95.00000     0.20000    -0.03802     0.04229 6901862
    1    1    18.80210    40.12774   100.00000     0.20000    -0.03802     0.04101 6901862
    1    1    18.80210    40.12774   105.00000     0.20000    -0.02960     0.03983 6901862
    1    1    18.80210    40.12774   110.00000     0.20000    -0.02504     0.03883 6901862
    1    1    18.80210    40.12774   115.00000     0.20000    -0.02002     0.03699 6901862
    1    1    18.80210    40.12774   120.00000     0.20000    -0.01386     0.03568 6901862
    1    1    18.80210    40.12774   125.00000     0.20000    -0.00558     0.03466 6901862
    1    1    18.80210    40.12774   130.00000     0.20000     0.00166     0.03403 6901862
    1    1    18.80210    40.12774   135.00000     0.20000     0.01325     0.03362 6901862
    1    1    18.80210    40.12774   140.00000     0.20000     0.01412     0.03337 6901862
    1    1    18.80210    40.12774   145.00000     0.20000     0.00419     0.03280 6901862
    1    1    18.80210    40.12774   150.00000     0.20000    -0.00148     0.03199 6901862
    1    1    18.80210    40.12774   155.00000     0.20000    -0.00089     0.03110 6901862
    1    1    18.80210    40.12774   160.00000     0.20000     0.00382     0.03019 6901862
    1    1    18.80210    40.12774   165.00000     0.20000     0.00784     0.02914 6901862
    1    1    18.80210    40.12774   170.00000     0.20000     0.00502     0.02788 6901862
    1    1    18.80210    40.12774   175.00000     0.20000    -0.00145     0.02670 6901862
    1    1    18.80210    40.12774   180.00000     0.20000    -0.00343     0.02535 6901862
    1    1    18.80210    40.12774   185.00000     0.20000    -0.00543     0.02421 6901862
    1    1    18.80210    40.12774   190.00000     0.20000    -0.00325     0.02307 6901862
    1    1    18.80210    40.12774   195.00000     0.20000    -0.00094     0.02245 6901862
    1    1    20.00188    36.73064     0.00000     0.20000    -0.03382     0.02238 6901863
    1    1    20.00188    36.73064     5.00000     0.20000    -0.03306     0.02269 6901863
    1    1    20.00188    36.73064    10.00000     0.20000    -0.02882     0.02335 6901863
    1    1    20.00188    36.73064    15.00000     0.20000    -0.01956     0.02398 6901863
    1    1    20.00188    36.73064    20.00000     0.20000    -0.00994     0.02436 6901863
    1    1    20.00188    36.73064    25.00000     0.20000    -0.00613     0.02454 6901863
    1    1    20.00188    36.73064    30.00000     0.20000    -0.00711     0.02467 6901863
    1    1    20.00188    36.73064    35.00000     0.20000    -0.00626     0.02436 6901863
    1    1    20.00188    36.73064    40.00000     0.20000    -0.00332     0.02382 6901863
    1    1    20.00188    36.73064    45.00000     0.20000     0.00206     0.02375 6901863
    1    1    20.00188    36.73064    50.00000     0.20000     0.00790     0.02393 6901863
    1    1    20.00188    36.73064    55.00000     0.20000     0.01590     0.02442 6901863
    1    1    20.00188    36.73064    60.00000     0.20000     0.02638     0.02504 6901863
    1    1    20.00188    36.73064    65.00000     0.20000     0.03642     0.02587 6901863
    1    1    20.00188    36.73064    70.00000     0.20000     0.04401     0.02689 6901863
    1    1    20.00188    36.73064    75.00000     0.20000     0.04488     0.02791 6901863
    1    1    20.00188    36.73064    80.00000     0.20000     0.03872     0.02895 6901863
    1    1    20.00188    36.73064    85.00000     0.20000     0.01466     0.02974 6901863
    1    1    20.00188    36.73064    90.00000     0.20000    -0.02949     0.03053 6901863
    1    1    20.00188    36.73064    95.00000     0.20000    -0.10183     0.03091 6901863
    1    1    20.00188    36.73064   100.00000     0.20000    -0.18926     0.03077 6901863
    1    1    20.00188    36.73064   105.00000     0.20000    -0.15597     0.03053 6901863
    1    1    20.00188    36.73064   110.00000     0.20000    -0.03859     0.03019 6901863
    1    1    20.00188    36.73064   115.00000     0.20000     0.02566     0.02985 6901863
    1    1    20.00188    36.73064   120.00000     0.20000     0.05468     0.02948 6901863
    1    1    20.00188    36.73064   125.00000     0.20000     0.08836     0.02904 6901863
    1    1    20.00188    36.73064   130.00000     0.20000     0.10231     0.02823 6901863
    1    1    20.00188    36.73064   135.00000     0.20000     0.12142     0.02749 6901863
    1    1    20.00188    36.73064   140.00000     0.20000     0.12654     0.02651 6901863
    1    1    20.00188    36.73064   145.00000     0.20000     0.11361     0.02549 6901863
    1    1    20.00188    36.73064   150.00000     0.20000     0.09488     0.02447 6901863
    1    1    20.00188    36.73064   155.00000     0.20000     0.08018     0.02349 6901863
    1    1    20.00188    36.73064   160.00000     0.20000     0.07210     0.02257 6901863
    1    1    20.00188    36.73064   165.00000     0.20000     0.06098     0.02171 6901863
    1    1    20.00188    36.73064   170.00000     0.20000     0.04534     0.02087 6901863
    1    1    20.00188    36.73064   175.00000     0.20000     0.03231     0.01996 6901863
    1    1    20.00188    36.73064   180.00000     0.20000     0.02241     0.01909 6901863
    1    1    20.00188    36.73064   185.00000     0.20000     0.01325     0.01827 6901863
    1    1    20.00188    36.73064   190.00000     0.20000     0.00643     0.01744 6901863
    1    1    20.00188    36.73064   195.00000     0.20000     0.00212     0.01661 6901863
    1    1     4.74090    40.45527     0.00000     0.20000    -0.00394     0.01576 6901648
    1    1     4.74090    40.45527     5.00000     0.20000    -0.00395     0.01489 6901648
    1    1     4.74090    40.45527    10.00000     0.20000    -0.00405     0.01398 6901648
    1    1     4.74090    40.45527    15.00000     0.20000    -0.00358     0.01308 6901648
    1    1     4.74090    40.45527    20.00000     0.20000    -0.00486     0.01223 6901648
    1    1     4.74090    40.45527    25.00000     0.20000     0.00013     0.01152 6901648
    1    1     4.74090    40.45527    30.00000     0.20000     0.01485     0.01109 6901648
    1    1     4.74090    40.45527    35.00000     0.20000     0.02511     0.01073 6901648
    1    1     4.74090    40.45527    40.00000     0.20000     0.02674     0.01057 6901648
    1    1     4.74090    40.45527    45.00000     0.20000     0.02172     0.01039 6901648
    1    1     4.74090    40.45527    50.00000     0.20000    -0.01515     0.01022 6901648
    1    1     4.74090    40.45527    55.00000     0.20000    -0.06159     0.01003 6901648
    1    1     4.74090    40.45527    60.00000     0.20000    -0.09318     0.00984 6901648
    1    1     4.74090    40.45527    65.00000     0.20000    -0.10402     0.00961 6901648
    1    1     4.74090    40.45527    70.00000     0.20000    -0.10256     0.00939 6901648
    1    1     4.74090    40.45527    75.00000     0.20000     0.00720     0.00921 6901648
    1    1     4.74090    40.45527    80.00000     0.20000     0.20426     0.00906 6901648
    1    1     4.74090    40.45527    85.00000     0.20000     0.22538     0.00887 6901648
    1    1     4.74090    40.45527    90.00000     0.20000     0.16599     0.00865 6901648
    1    1     4.74090    40.45527    95.00000     0.20000     0.12536     0.00850 6901648
    1    1     4.74090    40.45527   100.00000     0.20000     0.08598     0.00831 6901648
    1    1     4.74090    40.45527   105.00000     0.20000     0.05233     0.00811 6901648
    1    1     4.74090    40.45527   110.00000     0.20000     0.03546     0.00796 6901648
    1    1     4.74090    40.45527   115.00000     0.20000     0.02463     0.00778 6901648
    1    1     4.74090    40.45527   120.00000     0.20000     0.01022     0.00766 6901648
    1    1     4.74090    40.45527   125.00000     0.20000     0.00699     0.00756 6901648
    1    1     4.74090    40.45527   130.00000     0.20000     0.01358     0.00753 6901648
    1    1     4.74090    40.45527   135.00000     0.20000     0.01753     0.00754 6901648
    1    1     4.74090    40.45527   140.00000     0.20000     0.01640     0.00746 6901648
    1    1     4.74090    40.45527   145.00000     0.20000     0.01663     0.00740 6901648
    1    1     4.74090    40.45527   150.00000     0.20000     0.01371     0.00735 6901648
    1    1     4.74090    40.45527   155.00000     0.20000     0.01153     0.00735 6901648
    1    1     4.74090    40.45527   160.00000     0.20000     0.01354     0.00741 6901648
    1    1     4.74090    40.45527   165.00000     0.20000     0.01309     0.00743 6901648
    1    1     4.74090    40.45527   170.00000     0.20000     0.00920     0.00737 6901648
    1    1     4.74090    40.45527   175.00000     0.20000     0.00777     0.00734 6901648
    1    1     4.74090    40.45527   180.00000     0.20000     0.00695     0.00731 6901648
    1    1     4.74090    40.45527   185.00000     0.20000     0.00319     0.00733 6901648
    1    1     4.74090    40.45527   190.00000     0.20000     0.00212     0.00738 6901648
    1    1     4.74090    40.45527   195.00000     0.20000     0.00242     0.00737 6901648
    1    1     6.45551    39.69074     0.00000     0.20000    -0.03680     0.01802 6901513
    1    1     6.45551    39.69074     5.00000     0.20000    -0.03629     0.01800 6901513
    1    1     6.45551    39.69074    10.00000     0.20000    -0.03608     0.01801 6901513
    1    1     6.45551    39.69074    15.00000     0.20000    -0.03318     0.01804 6901513
    1    1     6.45551    39.69074    20.00000     0.20000    -0.02593     0.01813 6901513
    1    1     6.45551    39.69074    25.00000     0.20000    -0.01778     0.01823 6901513
    1    1     6.45551    39.69074    30.00000     0.20000    -0.01229     0.01826 6901513
    1    1     6.45551    39.69074    35.00000     0.20000    -0.00925     0.01828 6901513
    1    1     6.45551    39.69074    40.00000     0.20000    -0.00518     0.01821 6901513
    1    1     6.45551    39.69074    45.00000     0.20000    -0.00787     0.01814 6901513
    1    1     6.45551    39.69074    50.00000     0.20000    -0.02831     0.01808 6901513
    1    1     6.45551    39.69074    55.00000     0.20000    -0.04610     0.01806 6901513
    1    1     6.45551    39.69074    60.00000     0.20000    -0.05051     0.01816 6901513
    1    1     6.45551    39.69074    65.00000     0.20000    -0.02202     0.01819 6901513
    1    1     6.45551    39.69074    70.00000     0.20000     0.02343     0.01823 6901513
    1    1     6.45551    39.69074    75.00000     0.20000     0.17112     0.01816 6901513
    1    1     6.45551    39.69074    80.00000     0.20000     0.17797     0.01822 6901513
    1    1     6.45551    39.69074    85.00000     0.20000     0.02643     0.01817 6901513
    1    1     6.45551    39.69074    90.00000     0.20000    -0.08828     0.01821 6901513
    1    1     6.45551    39.69074    95.00000     0.20000    -0.09007     0.01838 6901513
    1    1     6.45551    39.69074   100.00000     0.20000    -0.01677     0.01870 6901513
    1    1     6.45551    39.69074   105.00000     0.20000     0.02042     0.01912 6901513
    1    1     6.45551    39.69074   110.00000     0.20000     0.01719     0.01969 6901513
    1    1     6.45551    39.69074   115.00000     0.20000     0.01584     0.02031 6901513
    1    1     6.45551    39.69074   120.00000     0.20000     0.01477     0.02111 6901513
    1    1     6.45551    39.69074   125.00000     0.20000     0.00797     0.02201 6901513
    1    1     6.45551    39.69074   130.00000     0.20000     0.00175     0.02310 6901513
    1    1     6.45551    39.69074   135.00000     0.20000     0.00216     0.02430 6901513
    1    1     6.45551    39.69074   140.00000     0.20000     0.00151     0.02548 6901513
    1    1     6.45551    39.69074   145.00000     0.20000    -0.00630     0.02657 6901513
    1    1     6.45551    39.69074   150.00000     0.20000    -0.01136     0.02759 6901513
    1    1     6.45551    39.69074   155.00000     0.20000    -0.00812     0.02848 6901513
    1    1     6.45551    39.69074   160.00000     0.20000    -0.00459     0.02943 6901513
    1    1     6.45551    39.69074   165.00000     0.20000    -0.00289     0.03030 6901513
    1    1     6.45551    39.69074   170.00000     0.20000     0.00008     0.03126 6901513
    1    1     6.45551    39.69074   175.00000     0.20000     0.00072     0.03212 6901513
    1    1     6.45551    39.69074   180.00000     0.20000     0.00045     0.03300 6901513
    1    1     6.45551    39.69074   185.00000     0.20000    -0.00031     0.03381 6901513
    1    1     6.45551    39.69074   190.00000     0.20000     0.00052     0.03445 6901513
    1    1     6.45551    39.69074   195.00000     0.20000     0.00066     0.03370 6901513
    1    1     2.97796    38.00373     0.00000     0.20000     0.00095     0.03259 6901600
    1    1     2.97796    38.00373     5.00000     0.20000     0.00095     0.03100 6901600
    1    1     2.97796    38.00373    10.00000     0.20000     0.00225     0.02939 6901600
    1    1     2.97796    38.00373    15.00000     0.20000     0.00805     0.02834 6901600
    1    1     2.97796    38.00373    20.00000     0.20000     0.01505     0.02800 6901600
    1    1     2.97796    38.00373    25.00000     0.20000     0.01783     0.02849 6901600
    1    1     2.97796    38.00373    30.00000     0.20000     0.02702     0.03070 6901600
    1    1     2.97796    38.00373    35.00000     0.20000     0.03858     0.03417 6901600
    1    1     2.97796    38.00373    40.00000     0.20000     0.05336     0.03874 6901600
    1    1     2.97796    38.00373    45.00000     0.20000     0.07955     0.04449 6901600
    1    1     2.97796    38.00373    50.00000     0.20000     0.13431     0.05064 6901600
    1    1     2.97796    38.00373    55.00000     0.20000     0.26387     0.05687 6901600
    1    1     2.97796    38.00373    60.00000     0.20000     0.42488     0.06323 6901600
    1    1     2.97796    38.00373    65.00000     0.20000     0.45973     0.06839 6901600
    1    1     2.97796    38.00373    70.00000     0.20000     0.23581     0.07274 6901600
    1    1     2.97796    38.00373    75.00000     0.20000    -0.03824     0.07685 6901600
    1    1     2.97796    38.00373    80.00000     0.20000     0.00659     0.07976 6901600
    1    1     2.97796    38.00373    85.00000     0.20000     0.04618     0.08371 6901600
    1    1     2.97796    38.00373    90.00000     0.20000     0.07986     0.08981 6901600
    1    1     2.97796    38.00373    95.00000     0.20000     0.09772     0.09842 6901600
    1    1     2.97796    38.00373   100.00000     0.20000     0.12001     0.10800 6901600
    1    1     2.97796    38.00373   105.00000     0.20000     0.12369     0.11792 6901600
    1    1     2.97796    38.00373   110.00000     0.20000     0.13110     0.12855 6901600
    1    1     2.97796    38.00373   115.00000     0.20000     0.14533     0.13741 6901600
    1    1     2.97796    38.00373   120.00000     0.20000     0.12582     0.14639 6901600
    1    1     2.97796    38.00373   125.00000     0.20000     0.08676     0.15301 6901600
    1    1     2.97796    38.00373   130.00000     0.20000     0.05927     0.15709 6901600
    1    1     2.97796    38.00373   135.00000     0.20000     0.04423     0.16014 6901600
    1    1     2.97796    38.00373   140.00000     0.20000     0.03563     0.16092 6901600
    1    1     2.97796    38.00373   145.00000     0.20000     0.02911     0.16323 6901600
    1    1     2.97796    38.00373   150.00000     0.20000     0.01702     0.16688 6901600
    1    1     2.97796    38.00373   155.00000     0.20000     0.00853     0.17244 6901600
    1    1     2.97796    38.00373   160.00000     0.20000     0.00704     0.17617 6901600
    1    1     2.97796    38.00373   165.00000     0.20000     0.00475     0.18059 6901600
    1    1     2.97796    38.00373   170.00000     0.20000     0.00439     0.17997 6901600
    1    1     2.97796    38.00373   175.00000     0.20000     0.00253     0.17325 6901600
    1    1     2.97796    38.00373   180.00000     0.20000     0.00158     0.16528 6901600
    1    1     2.97796    38.00373   185.00000     0.20000     0.00341     0.15438 6901600
    1    1     2.97796    38.00373   190.00000     0.20000     0.00339     0.14275 6901600
    1    1     2.97796    38.00373   195.00000     0.20000     0.00306     0.13189 6901600
